CLUBS
2 98306
3 164099
4 295429
5 557831
6 1082379
7 2131213
8 4228625
9 8423187
T 16812055
J 33589533
Q 67144223
K 134253349
A 268471337

DIAMONDS
2 81922
3 147715
4 279045
5 541447
6 1065995
7 2114829
8 4212241
9 8406803
T 16795671
J 33573149
Q 67127839
K 134236965
A 268454953

HEARTS
2 73730
3 139523
4 270853
5 533255
6 1057803
7 2106637
8 4204049
9 8398611
T 16787479
J 33564957
Q 67119647
K 134228773
A 268446761

SPADES
2 69634
3 135427
4 266757
5 529159
6 1053707
7 2102541
8 4199953
9 8394515
T 16783383
J 33560861
Q 67115551
K 134224677
A 268442665